UPK63685.1	contig_1_RagTag	32.952	437	251	14	13	427	580317	579067	7.03e-40	152
UPK63173.1	contig_1_RagTag	35.697	423	225	13	24	420	580281	579076	8.74e-41	155
QXF81282.1	contig_1_RagTag	35.697	423	225	13	24	420	580281	579076	3.33e-41	156
QXF80816.1	contig_1_RagTag	33.181	437	250	14	13	427	580317	579067	3.64e-40	153
QXF13303.1	contig_1_RagTag	35.451	488	258	19	34	488	580317	578926	3.12e-50	184
QXF13297.1	contig_1_RagTag	46.639	238	111	7	36	268	580320	579640	1.02e-35	140
QXF12825.1	contig_1_RagTag	35.338	399	219	11	34	404	580320	579157	5.28e-37	144
QDC40419.1	contig_1_RagTag	27.991	468	283	12	10	443	580338	578995	1.61e-27	114
QDC40051.1	contig_1_RagTag	27.826	460	262	15	51	478	580341	579076	6.25e-18	85.5
AVA15237.1	contig_1_RagTag	34.450	418	238	13	36	429	580305	579088	1.26e-40	155
WP_343944626.1	contig_1_RagTag	30.872	298	185	7	13	304	1049729	1048881	5.63e-30	124
pdb|8ZXG|A	contig_1_RagTag	30.601	183	92	10	15	182	1049588	1049100	1.30e-09	56.6
GLZ93990.1	contig_1_RagTag	31.086	267	177	5	6	266	1049729	1048932	6.54e-36	133
BFF67854.1	contig_1_RagTag	31.970	269	175	4	11	273	1049732	1048932	4.21e-34	129
BFF67615.1	contig_1_RagTag	33.564	289	180	6	38	316	1049741	1048881	1.11e-39	145
BFF67252.1	contig_1_RagTag	27.407	270	187	5	43	308	1049732	1048938	6.63e-33	126
BFF65979.1	contig_1_RagTag	31.894	301	177	10	40	326	1049729	1048869	1.82e-40	148
BFF64845.1	contig_1_RagTag	28.571	294	194	8	31	314	1049735	1048872	4.28e-25	103
sp|Q6XBH1.1|GPDQ_KLEAE	contig_1_RagTag	64.835	273	95	1	1	272	3703173	3702355	2.96e-119	373
sp|Q6XBH1.1|GPDQ_KLEAE	contig_1_RagTag	32.273	220	142	4	1	218	254589	255233	1.10e-24	100
sp|Q6XBH1.1|GPDQ_KLEAE	contig_1_RagTag	26.639	244	157	8	3	234	4188062	4187361	1.43e-12	65.1
pdb|1P9E|B	contig_1_RagTag	47.138	297	147	6	39	327	1049750	1048866	3.76e-80	263
pdb|1P9E|A	contig_1_RagTag	47.138	297	147	6	39	327	1049750	1048866	3.76e-80	263
WEF25765.1	contig_1_RagTag	31.715	309	186	9	22	313	328767	329669	7.94e-22	93.6
WEF25732.1	contig_1_RagTag	36.364	209	127	4	12	216	434153	434773	8.38e-28	108
WEF25732.1	contig_1_RagTag	27.647	170	118	3	10	178	2164596	2165093	1.36e-09	55.1
WEF25732.1	contig_1_RagTag	24.528	159	115	2	11	166	2425943	2426413	1.60e-08	51.6
WEF25732.1	contig_1_RagTag	23.841	151	92	5	10	150	1269423	1269836	7.26e-07	47.0
WEF25676.1	contig_1_RagTag	46.061	165	84	3	1	161	2227334	2226843	3.16e-28	109
WEF25640.1	contig_1_RagTag	35.547	256	159	2	26	275	3170152	3170919	9.83e-41	155
WEF25640.1	contig_1_RagTag	40.268	149	89	0	127	275	2679891	2679445	3.81e-26	111
WEF25640.1	contig_1_RagTag	31.034	145	94	4	40	183	2778365	2777946	3.30e-08	53.9
WEF25638.1	contig_1_RagTag	30.476	735	463	12	36	729	3233632	3235815	1.41e-76	267
WEF25638.1	contig_1_RagTag	32.597	543	322	8	217	729	154461	152875	1.10e-61	223
WEF25638.1	contig_1_RagTag	26.514	479	301	13	257	690	3123000	3124418	1.14e-25	111
WEF25638.1	contig_1_RagTag	27.165	254	150	10	234	460	4028006	4028743	2.14e-07	52.0
WEF24897.1	contig_1_RagTag	38.596	171	82	7	5	167	1589262	1589729	1.36e-14	68.9
WEF23879.1	contig_1_RagTag	29.070	172	103	5	50	211	3181398	3180910	8.72e-11	58.2
WEF23470.1	contig_1_RagTag	36.293	259	153	6	1	254	3132192	3132947	1.00e-35	132
sp|C0LA90.1|PYRHY_SPHWJ	contig_1_RagTag	27.459	244	154	10	4	238	373478	374167	1.89e-07	49.7
ODP27570.1	contig_1_RagTag	28.604	444	260	12	49	459	580326	579067	1.93e-34	137
UQX47894.1	contig_1_RagTag	35.039	254	156	7	5	256	1115635	1114895	3.26e-39	142
UQX47894.1	contig_1_RagTag	27.113	284	177	10	2	259	226147	226986	2.47e-17	79.0
UQX47894.1	contig_1_RagTag	29.339	242	151	10	25	255	3593886	3594584	1.14e-16	77.0
UQX47445.1	contig_1_RagTag	27.354	223	144	6	295	506	226339	226986	4.86e-13	69.3
UQX47445.1	contig_1_RagTag	25.571	219	138	9	228	435	3593820	3594434	1.81e-10	61.2
QIR83838.1	contig_1_RagTag	24.762	210	139	5	1	209	1115641	1115066	2.33e-07	49.3
PQM29507.1	contig_1_RagTag	29.381	194	119	7	76	266	3593904	3594440	2.37e-10	59.7
PQM29507.1	contig_1_RagTag	27.083	192	122	6	137	318	226408	226959	3.27e-07	49.7
PQM29039.1	contig_1_RagTag	28.899	218	125	9	322	527	226189	226788	2.34e-11	64.7
PQM29039.1	contig_1_RagTag	26.042	192	127	7	337	527	3593901	3594434	2.36e-11	64.7
PQM27397.1	contig_1_RagTag	34.351	131	79	3	96	224	3594078	3594455	7.31e-16	75.1
PQM27397.1	contig_1_RagTag	32.386	176	105	5	72	247	1115461	1114976	3.37e-12	64.3
PQM27397.1	contig_1_RagTag	30.864	162	89	6	99	242	226411	226881	3.67e-11	60.8
TFF53494.1	contig_1_RagTag	32.937	252	149	8	47	284	226249	226986	5.96e-28	111
TFF53494.1	contig_1_RagTag	26.633	199	120	9	47	239	1115545	1115009	1.29e-06	47.0
TFF53494.1	contig_1_RagTag	27.586	87	59	1	105	187	3594090	3594350	5.23e-06	45.1
TFF50418.1	contig_1_RagTag	51.751	257	121	3	7	262	1115650	1114886	1.65e-79	258
TFF50418.1	contig_1_RagTag	28.972	214	135	10	9	208	3593817	3594449	1.46e-10	58.9
TFF50418.1	contig_1_RagTag	25.984	254	159	11	6	232	226138	226893	1.55e-10	58.5
RRJ18786.1	contig_1_RagTag	47.656	256	133	1	1	256	1115650	1114886	8.63e-81	262
RRJ18786.1	contig_1_RagTag	26.437	174	111	8	37	196	3593922	3594434	2.33e-09	55.1
