UPK63173.1	contig_3_RagTag	32.456	114	62	3	95	208	847338	847634	8.62e-09	55.5
QXF81282.1	contig_3_RagTag	32.456	114	62	3	95	208	847338	847634	8.48e-09	55.8
QXF13303.1	contig_3_RagTag	33.058	121	65	3	109	228	847317	847634	1.89e-08	54.7
QXF13297.1	contig_3_RagTag	31.148	122	68	3	112	232	847317	847637	3.16e-09	57.0
QXF12825.1	contig_3_RagTag	30.909	110	60	2	121	230	847356	847637	9.19e-07	48.9
QDC40419.1	contig_3_RagTag	31.852	135	73	6	75	208	847284	847634	1.97e-06	47.8
AVA15237.1	contig_3_RagTag	31.405	121	67	3	107	226	847317	847634	8.33e-08	52.8
sp|Q6XBH1.1|GPDQ_KLEAE	contig_3_RagTag	32.701	211	127	7	1	208	743386	743982	1.15e-20	89.0
WEF25996.1	contig_2_RagTag	47.414	116	60	1	3	117	1083827	1084174	3.11e-30	110
WEF25996.1	contig_5_RagTag	33.333	114	71	2	5	117	1090647	1090318	1.03e-14	66.2
WEF25765.1	contig_5_RagTag	30.769	143	90	3	22	161	1220509	1220099	3.66e-08	52.4
WEF25765.1	contig_4_RagTag	37.363	91	52	1	44	134	412421	412164	3.92e-08	52.0
WEF25765.1	contig_2_RagTag	37.736	106	56	4	40	139	1669678	1669373	1.81e-06	47.0
WEF25732.1	contig_4_RagTag	32.850	207	131	4	7	207	19353	18739	8.36e-25	99.8
WEF25732.1	contig_5_RagTag	29.032	217	140	7	10	220	953795	954421	2.54e-08	51.2
WEF25732.1	contig_3_RagTag	28.571	133	91	2	10	141	94872	95261	3.40e-07	47.8
WEF25676.1	contig_2_RagTag	46.584	161	83	2	1	158	21260	20778	1.31e-31	119
WEF25640.1	contig_5_RagTag	36.546	249	155	2	28	275	209126	209866	1.80e-40	155
WEF25640.1	contig_3_RagTag	27.193	228	143	6	40	255	103603	102953	2.91e-13	70.5
WEF25638.1	contig_3_RagTag	35.873	722	424	12	39	730	862636	860498	3.62e-98	331
WEF25638.1	contig_4_RagTag	32.808	634	368	13	149	731	117244	115364	6.69e-80	277
WEF25638.1	contig_4_RagTag	26.316	703	467	12	53	729	85572	87605	1.78e-46	176
WEF25638.1	contig_2_RagTag	27.510	498	316	13	261	719	1203453	1204928	3.95e-26	112
WEF24897.1	contig_4_RagTag	37.234	188	111	4	3	185	466135	465578	7.18e-20	84.3
XXQ42250.1	contig_5_RagTag	26.523	279	179	9	13	278	460119	459322	3.32e-12	64.3
XXQ42250.1	contig_5_RagTag	31.783	129	79	6	17	144	657666	658028	4.40e-07	48.5
XXQ42250.1	contig_5_RagTag	32.044	181	106	8	92	261	771734	772258	1.52e-06	46.6
XXQ42250.1	contig_5_RagTag	33.333	120	75	4	13	132	132208	132552	5.13e-06	45.1
XXQ42250.1	contig_2_RagTag	26.224	286	159	12	22	270	648870	649682	1.04e-11	62.8
XXQ42250.1	contig_2_RagTag	23.323	313	190	7	11	276	1688713	1687784	6.66e-11	60.1
XXQ42250.1	contig_3_RagTag	26.573	286	170	13	11	283	639646	638870	1.70e-09	55.8
sp|C0LA90.1|PYRHY_SPHWJ	contig_2_RagTag	25.140	179	113	6	6	181	648912	649394	9.67e-07	47.4
ODP27570.1	contig_3_RagTag	29.870	154	89	5	90	241	847224	847634	1.79e-06	48.5
UQX47894.1	contig_5_RagTag	34.263	251	157	6	5	253	617454	618188	3.31e-41	148
UQX47894.1	contig_5_RagTag	30.182	275	160	11	5	255	350306	351106	5.61e-23	95.5
UQX47894.1	contig_4_RagTag	29.032	279	171	10	4	259	430409	431233	1.04e-15	73.9
UQX47445.1	contig_2_RagTag	33.571	280	179	3	228	500	110105	110944	1.98e-40	154
UQX47445.1	contig_5_RagTag	34.375	96	60	1	360	455	350714	350992	3.03e-09	57.0
UQX47445.1	contig_4_RagTag	27.442	215	131	8	306	506	430622	431233	2.64e-07	50.8
QIR83838.1	contig_2_RagTag	47.751	289	145	3	1	283	110105	110971	3.95e-72	238
QIR83838.1	contig_5_RagTag	38.679	106	58	3	126	229	350690	350992	6.38e-09	54.3
PQM29507.1	contig_5_RagTag	25.969	258	179	7	62	315	350333	351082	5.43e-11	61.6
PQM29039.1	contig_5_RagTag	28.852	305	182	12	270	571	350234	351052	2.48e-15	77.4
PQM29039.1	contig_4_RagTag	30.594	219	132	8	325	536	430454	431071	3.11e-15	77.4
PQM29039.1	contig_2_RagTag	42.254	71	41	0	457	527	110528	110740	4.92e-09	57.0
PQM27397.1	contig_5_RagTag	41.912	272	148	4	10	278	350309	351103	8.14e-47	165
PQM27397.1	contig_5_RagTag	33.544	158	93	4	87	244	617673	618110	2.73e-12	64.3
PQM27397.1	contig_2_RagTag	32.432	148	91	4	70	217	110324	110740	6.40e-14	69.3
PQM27397.1	contig_4_RagTag	29.091	165	101	6	97	251	430676	431152	4.33e-09	54.7
TFF53969.1	contig_2_RagTag	74.216	287	74	0	1	287	110102	110962	1.07e-132	412
TFF53969.1	contig_5_RagTag	31.982	222	116	10	30	233	350378	350992	7.53e-13	66.2
TFF53969.1	contig_5_RagTag	29.798	198	116	6	19	213	617496	618029	9.36e-08	50.4
TFF53494.1	contig_4_RagTag	32.400	250	150	9	47	284	430505	431233	1.72e-24	100
TFF53494.1	contig_2_RagTag	38.947	95	55	3	86	177	110345	110629	6.25e-10	57.4
TFF53494.1	contig_5_RagTag	27.915	283	168	11	1	263	350270	351070	2.80e-09	55.5
TFF53494.1	contig_5_RagTag	27.053	207	131	7	47	249	617544	618116	3.14e-09	55.1
TFF50418.1	contig_5_RagTag	69.925	266	76	1	1	262	617409	618206	4.72e-124	386
TFF50418.1	contig_5_RagTag	26.103	272	179	7	2	252	350276	351088	1.13e-13	68.2
TFF50418.1	contig_4_RagTag	26.667	240	150	9	10	225	430406	431119	1.26e-09	55.8
RRJ18786.1	contig_5_RagTag	46.304	257	136	2	4	259	617448	618215	6.32e-72	236
RRJ18786.1	contig_5_RagTag	29.104	268	164	11	2	246	350294	351088	6.84e-14	68.6
RRJ18786.1	contig_2_RagTag	32.787	122	76	5	80	196	110378	110740	2.71e-06	45.4
AZR40669.1	contig_2_RagTag	46.628	519	237	6	1	518	1092549	1091110	2.15e-129	413
AZR40669.1	contig_2_RagTag	30.675	163	96	4	1	162	1483750	1483310	7.22e-16	78.6
AZR40669.1	contig_5_RagTag	41.139	158	76	5	2	158	153863	154288	1.64e-22	99.4
AZR40669.1	contig_5_RagTag	26.335	281	151	9	228	456	154339	155169	3.16e-10	60.5
