QXF13303.1	contig_1_RagTag	34.188	117	61	4	109	224	2743194	2743499	2.16e-07	51.6
QXF13297.1	contig_1_RagTag	30.400	125	71	3	112	235	2743194	2743523	1.28e-06	49.3
QXF12825.1	contig_1_RagTag	28.000	150	89	4	103	249	2743176	2743577	2.21e-06	48.1
AVA15237.1	contig_1_RagTag	32.847	137	76	4	87	222	2743134	2743499	1.58e-08	55.5
WP_343944626.1	contig_1_RagTag	26.014	296	190	9	327	598	5755847	5756719	2.27e-09	58.5
sp|Q6XBH1.1|GPDQ_KLEAE	contig_1_RagTag	26.316	228	158	2	1	227	2586045	2586701	4.60e-20	87.8
WEF25996.1	contig_1_RagTag	51.724	116	55	1	3	117	218353	218006	2.86e-34	122
WEF25996.1	contig_1_RagTag	37.391	115	65	4	5	117	2206293	2205964	9.12e-15	66.6
WEF25996.1	contig_1_RagTag	37.069	116	67	4	1	114	1450372	1450037	3.83e-13	62.0
WEF25765.1	contig_1_RagTag	30.612	98	61	2	37	134	1624554	1624282	3.06e-06	46.6
WEF25765.1	contig_1_RagTag	37.255	102	56	3	53	150	4065449	4065742	9.55e-06	45.1
WEF25765.1	contig_1_RagTag	32.558	129	79	5	14	138	2360101	2359727	9.89e-06	45.1
WEF25732.1	contig_1_RagTag	33.032	221	140	5	7	221	1322068	1321412	3.23e-29	112
WEF25732.1	contig_1_RagTag	27.749	191	128	4	10	196	169164	169718	1.02e-14	70.5
WEF25732.1	contig_1_RagTag	27.933	179	121	4	2	178	2032819	2032301	5.30e-11	59.7
WEF25732.1	contig_1_RagTag	29.310	174	109	5	10	178	3977712	3978206	2.84e-08	51.6
WEF25676.1	contig_1_RagTag	45.963	161	84	2	1	158	878821	879303	2.90e-29	113
WEF25640.1	contig_1_RagTag	37.594	266	147	5	26	275	1152601	1151813	2.16e-42	161
WEF25638.1	contig_1_RagTag	34.388	727	434	12	36	730	2775301	2773154	8.45e-100	336
WEF25638.1	contig_1_RagTag	36.154	650	378	15	46	672	4133946	4132039	1.51e-76	268
WEF25638.1	contig_1_RagTag	30.569	422	263	9	333	729	1597358	1596108	3.91e-51	149
WEF25638.1	contig_1_RagTag	24.183	306	209	5	3	307	1598311	1597460	3.91e-51	70.1
WEF25638.1	contig_1_RagTag	28.092	477	290	10	256	690	137142	135745	3.81e-30	126
WEF25638.1	contig_1_RagTag	25.403	496	324	10	268	719	412761	411280	4.18e-26	113
WEF25638.1	contig_1_RagTag	28.358	201	110	5	556	722	4382998	4382396	1.07e-07	53.5
WEF25638.1	contig_1_RagTag	26.000	200	118	4	544	717	4883369	4882782	1.38e-06	49.7
WEF24897.1	contig_1_RagTag	39.572	187	108	3	3	185	2224434	2224991	1.26e-19	84.0
WEF23470.1	contig_1_RagTag	25.758	264	183	6	1	254	5702657	5701875	1.21e-12	65.5
WEF22886.1	contig_1_RagTag	28.824	170	100	8	10	171	4451986	4452456	8.74e-08	50.4
XXQ42250.1	contig_1_RagTag	28.826	281	175	9	4	278	4451950	4452735	1.37e-20	89.7
XXQ42250.1	contig_1_RagTag	35.156	128	73	4	20	147	5973297	5973650	1.30e-10	59.7
XXQ42250.1	contig_1_RagTag	29.333	150	92	4	13	161	5063807	5064217	6.82e-10	57.4
XXQ42250.1	contig_1_RagTag	26.165	279	180	10	11	283	2452106	2451330	8.24e-10	57.4
XXQ42250.1	contig_1_RagTag	28.369	282	157	12	17	276	29469	28693	1.59e-09	56.6
XXQ42250.1	contig_1_RagTag	25.694	288	163	11	11	261	621557	620736	9.24e-08	50.8
XXQ42250.1	contig_1_RagTag	33.333	126	71	7	11	132	1880460	1880810	4.24e-06	45.8
XXQ42250.1	contig_1_RagTag	29.032	124	82	3	13	135	5702672	5702316	8.16e-06	45.1
sp|Q8Y678.1|STP1_LISMO	contig_1_RagTag	32.340	235	144	5	10	241	1808135	1807467	5.50e-26	104
sp|Q8Y678.1|STP1_LISMO	contig_1_RagTag	41.333	75	44	0	122	196	5680619	5680395	6.21e-12	63.2
sp|Q8Y678.1|STP1_LISMO	contig_1_RagTag	25.974	154	95	3	94	243	4078885	4078469	2.45e-10	58.2
UQX47894.1	contig_1_RagTag	34.400	250	158	5	5	253	686213	685479	5.24e-39	142
UQX47894.1	contig_1_RagTag	31.985	272	161	9	4	255	2999700	3000503	4.85e-29	113
UQX47894.1	contig_1_RagTag	31.356	236	156	5	28	259	1364598	1365299	9.54e-22	92.4
UQX47894.1	contig_1_RagTag	31.224	237	148	9	5	230	1430122	1430820	1.57e-14	70.9
UQX47894.1	contig_1_RagTag	26.165	279	179	9	4	259	2306648	2307472	3.31e-13	67.0
UQX47445.1	contig_1_RagTag	30.108	186	113	6	323	506	1364787	1365299	1.06e-09	58.9
UQX47445.1	contig_1_RagTag	29.861	144	89	4	321	455	2999967	3000389	5.58e-08	53.5
UQX47445.1	contig_1_RagTag	30.263	152	86	6	364	506	2307050	2307472	2.38e-07	51.6
UQX47445.1	contig_1_RagTag	29.688	128	83	4	262	388	1430215	1430580	4.26e-06	47.4
QIR83838.1	contig_1_RagTag	37.500	104	62	1	126	229	3000087	3000389	9.94e-11	60.1
QIR83838.1	contig_1_RagTag	37.815	119	62	5	146	264	1364937	1365257	6.31e-09	54.7
QIR83838.1	contig_1_RagTag	31.061	132	83	4	79	208	5281044	5280667	7.71e-07	48.1
PQM29507.1	contig_1_RagTag	26.073	303	183	12	81	362	1364613	1365461	1.25e-07	51.6
PQM29507.1	contig_1_RagTag	27.517	149	102	3	150	296	2999991	3000425	3.14e-07	50.1
PQM29039.1	contig_1_RagTag	31.053	190	119	4	372	559	2999877	3000416	3.85e-17	84.0
PQM29039.1	contig_1_RagTag	30.769	208	124	8	322	522	2306684	2307268	1.24e-14	75.9
PQM29039.1	contig_1_RagTag	31.875	160	71	7	401	553	1364769	1365155	5.91e-11	63.9
PQM29039.1	contig_1_RagTag	29.651	172	101	7	310	480	1430122	1430580	1.49e-09	59.3
PQM27397.1	contig_1_RagTag	43.262	282	144	6	10	285	2999706	3000521	3.58e-51	178
PQM27397.1	contig_1_RagTag	33.553	152	91	4	91	242	1364772	1365197	1.08e-10	60.1
PQM27397.1	contig_1_RagTag	31.410	156	95	5	87	242	685994	685563	1.38e-08	53.5
PQM27397.1	contig_1_RagTag	28.205	156	95	6	97	241	2306915	2307364	5.07e-08	51.6
PQM27397.1	contig_1_RagTag	47.619	42	22	0	143	184	6132578	6132703	5.68e-06	45.4
TFF53969.1	contig_1_RagTag	29.891	184	110	6	62	233	2999859	3000389	2.77e-11	62.0
TFF53969.1	contig_1_RagTag	30.909	165	100	5	32	185	5281221	5280736	4.55e-08	52.0
TFF53969.1	contig_1_RagTag	32.743	113	72	3	96	206	1364772	1365104	2.29e-07	49.7
TFF53969.1	contig_1_RagTag	32.000	150	87	6	22	166	1430161	1430580	5.42e-07	48.5
TFF53494.1	contig_1_RagTag	37.634	279	166	5	7	284	1430104	1430919	1.45e-42	154
TFF53494.1	contig_1_RagTag	32.203	295	178	10	4	286	2306624	2307478	5.30e-24	100
TFF53494.1	contig_1_RagTag	34.156	243	140	8	47	285	1364622	1365302	1.55e-17	80.9
TFF53494.1	contig_1_RagTag	34.653	101	64	2	81	179	5281059	5280757	6.96e-12	63.9
TFF53494.1	contig_1_RagTag	28.571	259	139	10	6	249	686234	685551	1.51e-11	62.8
TFF53494.1	contig_1_RagTag	29.730	111	63	4	83	178	6132362	6132694	2.94e-06	46.6
TFF53494.1	contig_1_RagTag	26.357	129	78	4	67	179	2999850	3000233	3.38e-06	46.2
TFF50418.1	contig_1_RagTag	83.846	260	42	0	1	260	686246	685467	8.76e-151	463
TFF50418.1	contig_1_RagTag	28.870	239	159	7	9	239	1364523	1365230	3.25e-15	73.2
TFF50418.1	contig_1_RagTag	27.801	241	153	8	9	233	1430113	1430820	1.52e-12	65.1
TFF50418.1	contig_1_RagTag	27.068	266	168	9	10	252	2999697	3000485	3.07e-12	64.3
RRJ18786.1	contig_1_RagTag	47.266	256	131	3	4	257	686219	685458	5.41e-71	234
RRJ18786.1	contig_1_RagTag	30.279	251	142	11	3	234	1364523	1365233	1.48e-12	65.1
RRJ18786.1	contig_1_RagTag	29.258	229	137	9	40	246	2999808	3000485	1.61e-12	65.1
RRJ18786.1	contig_1_RagTag	27.835	194	124	8	35	215	1430215	1430787	1.01e-11	62.8
AZR40669.1	contig_1_RagTag	45.957	507	231	7	1	501	4102384	4100975	6.47e-127	406
AZR40669.1	contig_1_RagTag	38.650	163	83	5	1	162	3968283	3968723	3.24e-18	86.3
