sp|Q6XBH1.1|GPDQ_KLEAE	contig_1_RagTag	27.811	169	108	4	31	197	4592933	4592463	7.66e-18	80.9
WEF25996.1	contig_1_RagTag	51.282	117	54	3	3	117	1171995	1172342	2.47e-31	114
WEF25765.1	contig_1_RagTag	29.412	153	93	4	15	161	958055	957624	1.26e-07	50.8
WEF25765.1	contig_1_RagTag	30.612	98	62	2	45	141	4893380	4893102	1.90e-06	47.0
WEF25732.1	contig_1_RagTag	35.321	218	133	4	7	218	5661369	5662016	3.15e-31	118
WEF25732.1	contig_1_RagTag	28.994	169	118	1	10	178	3736592	3737092	1.41e-15	72.8
WEF25732.1	contig_1_RagTag	27.230	213	137	6	10	213	5276433	5275822	1.04e-11	61.6
WEF25732.1	contig_1_RagTag	29.609	179	112	4	10	183	3551375	3550866	2.45e-10	57.4
WEF25732.1	contig_1_RagTag	27.706	231	136	10	10	225	2411012	2411656	3.70e-06	45.1
WEF25676.1	contig_1_RagTag	44.099	161	87	2	1	158	332023	331541	6.13e-28	109
WEF25640.1	contig_1_RagTag	37.736	212	129	2	65	275	4471268	4470639	2.21e-33	134
WEF25638.1	contig_1_RagTag	36.662	701	419	12	46	729	1206137	1204059	9.72e-98	330
WEF25638.1	contig_1_RagTag	34.379	733	434	12	33	730	156074	153912	6.44e-95	322
WEF25638.1	contig_1_RagTag	30.609	624	382	11	152	730	5198207	5196354	2.73e-78	273
WEF25638.1	contig_1_RagTag	31.040	625	376	14	141	729	4872321	4870504	4.30e-57	209
WEF25638.1	contig_1_RagTag	29.643	560	336	14	218	729	5221798	5220149	1.59e-44	171
WEF25638.1	contig_1_RagTag	31.373	204	135	4	255	455	1339356	1339961	1.15e-14	75.9
WEF25638.1	contig_1_RagTag	32.374	139	92	1	554	690	1340340	1340756	6.19e-10	60.5
WEF25638.1	contig_1_RagTag	26.842	190	113	5	554	717	2814700	2814131	1.42e-07	52.8
WEF24897.1	contig_1_RagTag	38.860	193	101	6	3	185	4902712	4902155	1.13e-20	87.0
WEF24897.1	contig_1_RagTag	33.702	181	102	4	2	170	2463851	2463327	4.50e-09	53.1
WEF22886.1	contig_1_RagTag	30.723	166	102	6	10	171	112872	112402	9.20e-12	62.4
XXQ42250.1	contig_1_RagTag	27.737	274	168	9	11	276	112890	112135	3.33e-20	88.2
XXQ42250.1	contig_1_RagTag	27.341	267	171	9	20	278	1866696	1865941	2.06e-15	73.9
XXQ42250.1	contig_1_RagTag	26.277	274	176	10	17	282	976857	976090	9.92e-15	72.0
XXQ42250.1	contig_1_RagTag	26.523	279	179	10	11	283	4702254	4703030	2.17e-10	58.9
XXQ42250.1	contig_1_RagTag	32.800	125	76	4	18	138	3271885	3272247	2.47e-10	58.9
XXQ42250.1	contig_1_RagTag	26.437	261	172	9	28	276	5004027	5003269	2.49e-10	58.9
XXQ42250.1	contig_1_RagTag	34.167	120	71	6	10	127	4236978	4236637	1.66e-07	50.1
XXQ42250.1	contig_1_RagTag	31.325	83	57	0	190	272	3299857	3299609	8.33e-07	47.8
XXQ42250.1	contig_1_RagTag	33.333	108	65	3	27	134	2819606	2819304	1.79e-06	47.0
XXQ42250.1	contig_1_RagTag	27.586	203	119	8	75	261	719615	720187	5.91e-06	45.1
sp|Q8Y678.1|STP1_LISMO	contig_1_RagTag	29.787	141	84	2	101	241	3385863	3386240	5.41e-12	63.2
sp|C0LA90.1|PYRHY_SPHWJ	contig_1_RagTag	26.860	242	133	8	6	237	2996394	2995771	7.18e-11	60.5
sp|C0LA90.1|PYRHY_SPHWJ	contig_1_RagTag	32.692	156	81	8	19	168	1463305	1462892	1.56e-06	47.0
UQX47894.1	contig_1_RagTag	33.865	251	158	7	5	253	494283	495017	4.83e-38	139
UQX47894.1	contig_1_RagTag	30.131	229	158	1	33	259	5607847	5607161	4.39e-30	116
UQX47894.1	contig_1_RagTag	31.061	264	159	8	12	255	584855	585637	9.23e-27	106
UQX47894.1	contig_1_RagTag	29.964	277	167	14	5	259	816619	817434	1.13e-18	83.2
UQX47894.1	contig_1_RagTag	26.160	237	153	6	19	240	2839293	2838604	4.93e-13	66.2
UQX47445.1	contig_1_RagTag	32.526	289	186	4	228	508	537532	538395	3.87e-41	156
UQX47445.1	contig_1_RagTag	28.716	296	180	13	227	509	816610	817443	1.24e-17	84.3
UQX47445.1	contig_1_RagTag	28.111	217	139	8	252	464	5607871	5607260	3.19e-11	63.9
UQX47445.1	contig_1_RagTag	24.670	227	149	7	226	438	584825	585481	2.68e-08	54.3
QIR83838.1	contig_1_RagTag	46.127	284	147	3	1	278	537532	538383	1.04e-71	237
QIR83838.1	contig_1_RagTag	33.803	142	86	4	31	172	816712	817113	1.17e-12	65.9
QIR83838.1	contig_1_RagTag	36.538	104	63	1	126	229	585221	585523	5.65e-11	60.8
QIR83838.1	contig_1_RagTag	36.667	120	64	5	146	265	5607523	5607200	1.02e-10	60.1
PQM29507.1	contig_1_RagTag	24.000	250	155	8	85	324	2839230	2838556	2.15e-12	66.6
PQM29507.1	contig_1_RagTag	29.434	265	160	11	84	342	5607838	5607107	2.70e-12	66.2
PQM29507.1	contig_1_RagTag	28.137	263	176	9	51	308	584834	585598	7.33e-11	61.6
PQM29507.1	contig_1_RagTag	24.138	261	169	9	85	335	816724	817449	2.41e-07	50.4
PQM29039.1	contig_1_RagTag	28.085	235	152	6	325	556	584879	585541	1.06e-14	75.9
PQM29039.1	contig_1_RagTag	29.339	242	143	12	315	553	2839317	2838667	2.47e-14	74.7
PQM29039.1	contig_1_RagTag	28.631	241	133	10	325	558	5607889	5607263	3.69e-14	73.9
PQM29039.1	contig_1_RagTag	30.952	168	98	5	323	490	816664	817113	1.40e-13	72.0
PQM29039.1	contig_1_RagTag	28.685	251	147	10	295	532	537481	538176	5.75e-10	60.5
PQM27397.1	contig_1_RagTag	45.643	241	122	5	9	243	584837	585550	3.86e-50	175
PQM27397.1	contig_1_RagTag	32.022	178	98	5	68	245	537745	538209	4.55e-18	82.0
PQM27397.1	contig_1_RagTag	34.091	176	105	5	67	242	5607757	5607263	6.82e-14	69.7
PQM27397.1	contig_1_RagTag	30.000	200	124	7	43	242	494382	494933	3.03e-10	58.5
PQM27397.1	contig_1_RagTag	24.444	180	113	5	53	223	816766	817263	3.63e-08	52.0
TFF53969.1	contig_1_RagTag	100.000	290	0	0	1	290	537529	538398	0.0	572
TFF53969.1	contig_1_RagTag	31.073	177	110	6	2	176	816613	817113	1.20e-14	72.0
TFF53969.1	contig_1_RagTag	29.545	220	130	8	27	233	584900	585523	4.60e-11	61.2
TFF53969.1	contig_1_RagTag	30.645	186	114	6	31	213	5607856	5607335	1.23e-10	59.7
TFF53494.1	contig_1_RagTag	100.000	298	0	0	1	298	816583	817476	0.0	587
TFF53494.1	contig_1_RagTag	32.857	210	124	9	47	251	5607838	5607245	3.18e-19	85.9
TFF53494.1	contig_1_RagTag	32.168	143	86	5	47	179	537637	538062	1.13e-12	66.2
TFF53494.1	contig_1_RagTag	27.885	208	128	8	47	249	494373	494945	8.11e-11	60.5
TFF53494.1	contig_1_RagTag	32.099	162	97	7	107	266	2839044	2838592	3.31e-10	58.5
TFF53494.1	contig_1_RagTag	27.737	274	164	10	10	265	584828	585601	1.23e-09	57.0
TFF50418.1	contig_1_RagTag	100.000	263	0	0	1	263	494250	495038	0.0	549
TFF50418.1	contig_1_RagTag	30.317	221	137	9	43	252	5607835	5607191	3.29e-15	72.8
TFF50418.1	contig_1_RagTag	26.894	264	171	9	10	252	584831	585619	1.05e-12	65.5
TFF50418.1	contig_1_RagTag	27.885	208	128	8	42	232	816721	817329	2.67e-11	61.2
RRJ18786.1	contig_1_RagTag	48.235	255	128	3	4	256	494277	495035	1.11e-72	239
RRJ18786.1	contig_1_RagTag	29.915	234	139	9	35	246	584927	585619	4.62e-14	69.3
RRJ18786.1	contig_1_RagTag	27.547	265	167	11	2	250	5607946	5607179	1.72e-12	64.7
RRJ18786.1	contig_1_RagTag	25.431	232	129	10	35	237	816718	817368	6.02e-09	53.9
AZR40669.1	contig_1_RagTag	44.841	504	241	7	1	501	1182115	1180706	5.08e-124	398
AZR40669.1	contig_1_RagTag	39.873	158	78	5	2	158	2237187	2236762	1.56e-21	96.7
AZR40669.1	contig_1_RagTag	34.568	162	89	4	2	162	1636631	1636194	6.88e-18	85.1
AZR40669.1	contig_1_RagTag	27.647	170	107	4	2	162	1240555	1241043	5.35e-16	79.3
AZR40669.1	contig_1_RagTag	33.333	150	77	5	11	155	1893215	1892820	7.13e-12	65.9
